4597
5056
5221
5224
5258
5275
5371
5373
5375
5378
5384
5414
5423
5514
5527
5590
5619
5742
5808
6047
6051
6063
6141
6209
6282
6284
6287
6369
6394
6409
6481
6483
6493
6510
6623
6724
6762
6855
7003
7080
7132
7142
7155
7175
7439
7449
7451
7453
7465
7466
7468
7492
7529
7531
7639
7712
7761
7814
7815
7826
7835
7839
7866
7871
7876
7878
7881
7910
7951
7959
7962
7974
7979
7987
7992
7999
8010
8026
8033
8046
8048
8049
8050
8051
8052
8053
8054
8055
8056
8057
8058
8059
8060
8061
8062
8063
8064
8065
8066
8067
8068
8069
8070
8071
8072
8092
8110
8112
8252
8266
8284
8315
8340
8345
8351
8363
8371
8502
8580
8624
8691
8705
8781
8782
8811
8815
8872
8875
8885
8939
8941
8952
9078
9083
9090
9109
9175
9176
9308
9316
9319
9320
9373
9417
9464
9472
9522
9535

