5004
5016
5020
5022
5079
5098
5105
5106
5127
5154
5228
5229
5242
5250
5264
5288
5290
5291
5302
5346
5429
5431
5438
5491
5499
5518
5561
5568
5614
5640
5641
5758
5842
5846
5847
5854
5856
5865
5867
5886
5894
5896
5898
5900
5902
5904
5911
5913
5915
5917
5919
5921
5923
5926
5936
5942
5946
5948
5950
5966
5968
5970
5972
5988
5999
6000
6020
6026
6028
6095
6104
6117
6167
6169
6187
6218
6237
6248
6250
6256
6261
6262
6274
6305
6311
6313
6315
6320
6321
6322
6333
6335
6337
6338
6339
6340
6344
6346
6352
6384
6417
6420
6424
6477
6505
6507
6513
6527
6546
6552
6570
6581
6588
6592
6611
6615
6618
6631
6634
6637
6647
6651
6664
6678
6685
6700
6775
6776
6778
6813
6837
6838
6846
6864
6883
6899
6901
6902
6904
6905
6906
6909
6910
7025
7033
7035
7037
7038
7043
7058
7059
7062
7095
7111
7116
7117
7124
7125
7166
7213
7223
7262
7334
7370
7371
7373
7374
7392
7526
7557
7571
7609
7610
7612
7624
7661
7716
7718
7724
7726
7728
7730
7734
7735
7736
7740
7742
7757
7777
7779
7782
7793
7795
7797
7897
7994
8117
8118
8132
8133
8156
8526
8682
8791
8945
8974
9045
9104
9113
9197
9273
9377
9391
9410







































